   1    19.893   827.927
   1    27.838   493.942
   1    29.327   739.570
   1    34.247   701.530
   1    35.395   447.192
   1    37.463   399.243
   1    38.941   969.227
   1    41.813   647.321
   1    43.678   928.550
   1    44.623   355.747
   1    48.001   878.095
   1    50.761   586.253
   1    52.810   838.569
   1    59.647   751.595
   1    59.768   796.030
   1    67.290   517.849
   1    70.872   472.467
   1    71.840   710.773
   1    75.559   670.469
   1    75.812   995.389
   1    76.321   909.189
   1    80.288   953.057
   1    82.221   386.100
   1    85.214   624.059
   1    88.831   863.725
   1    89.907   818.335
   1    93.004   199.538
   1    95.991   413.452
   1    97.642   583.474
   1    98.005   340.891
   1   100.338    46.121
   1   101.885   539.901
   1   105.142   749.236
   1   106.296   708.933
   1   106.664   494.624
   1   108.159   297.404
   1   112.052   655.718
   1   114.296   974.328
   1   116.072   247.086
   1   118.975   454.541
   1   120.092   930.680
   1   124.253   412.123
   1   125.959   205.198
   1   126.096   617.632
   1   127.903   787.812
   1   129.979   159.975
   1   130.153   840.256
   1   132.171   883.409
   1   135.450   363.175
   1   138.411   115.197
   1   139.515   317.911
   1   139.840   569.469
   1   141.297    70.119
   1   143.186   745.194
   1   144.762    21.039
   1   146.424   523.170
   1   149.022   478.928
   1   151.008   684.236
   1   153.364   440.984
   1   154.000   993.000
   1   154.512   276.509
   1   157.140   952.430
   1   160.785   227.468
   1   161.560   912.740
   1   164.016   862.093
   1   165.041   638.487
   1   165.528   184.348
   1   168.297   597.303
   1   169.893   394.007
   1   170.351   821.134
   1   171.301   770.802
   1   173.765   143.733
   1   177.837   554.460
   1   178.390    90.568
   1   180.237   348.951
   1   183.369   716.012
   1   185.332   306.434
   1   187.122    44.733
   1   188.231   511.024
   1   192.070   937.363
   1   194.856   672.022
   1   196.062   258.201
   1   198.148   464.557
   1   198.529   977.769
   1   201.694   220.364
   1   203.874   886.353
   1   207.515   750.140
   1   208.172   379.796
   1   209.176   625.885
   1   209.859   798.137
   1   211.241   165.222
   1   212.041   418.499
   1   212.308   841.970
   1   215.211   584.522
   1   216.338   335.001
   1   218.294   542.694
   1   218.463   123.994
   1   224.905   290.602
   1   228.605   702.642
   1   230.468    81.931
   1   233.925    29.791
   1   235.692   493.403
   1   237.967   873.124
   1   240.002   953.987
   1   240.758   657.756
   1   242.474   244.747
   1   243.363   991.406
   1   244.214   407.177
   1   245.725   910.029
   1   246.379   816.863
   1   247.845   447.721
   1   249.000   771.531
   1   250.535   606.884
   1   254.559   146.704
   1   256.310   567.630
   1   256.911   196.378
   1   262.092   358.742
   1   262.718   319.758
   1   263.316   106.443
   1   264.434   728.274
   1   270.959   521.436
   1   271.333    61.975
   1   276.343   940.026
   1   276.468   681.453
   1   279.624   476.362
   1   280.717   636.076
   1   280.757   855.476
   1   281.256   267.245
   1   283.869   898.097
   1   286.368   981.217
   1   286.666   228.966
   1   287.091   429.317
   1   289.279   805.106
   1   293.464   595.923
   1   296.475   390.114
   1   296.488   759.762
   1   299.253   177.288
   1   303.350   554.560
   1   304.140   714.024
   1   304.663   135.947
   1   306.324   344.938
   1   308.884    93.765
   1   313.145   465.664
   1   314.073   507.024
   1   314.324   670.542
   1   315.665   301.177
   1   316.654    40.235
   1   318.363   885.003
   1   322.831   841.870
   1   325.047   252.770
   1   325.553   627.694
   1   326.674   976.429
   1   329.991   417.330
   1   330.585   788.828
   1   334.097   743.620
   1   334.444   208.659
   1   335.444   950.044
   1   335.836   587.433
   1   340.308   374.522
   1   341.867   166.174
   1   349.578   536.980
   1   350.748   701.177
   1   353.263   328.364
   1   354.416   655.237
   1   357.554   284.379
   1   357.901   117.818
   1   359.104   814.731
   1   360.411   491.558
   1   361.914   876.460
   1   365.290    66.839
   1   368.507    31.731
   1   371.296   446.185
   1   372.075   236.686
   1   372.652   611.245
   1   373.537   986.592
   1   373.566   775.876
   1   375.983   401.506
   1   378.353   727.856
   1   379.259   195.685
   1   383.530   566.477
   1   385.585   522.065
   1   386.770   358.866
   1   390.106   689.298
   1   390.333   152.121
   1   395.168   312.329
   1   395.361   921.435
   1   398.254   481.245
   1   400.916   852.368
   1   401.445   101.171
   1   402.645   960.074
   1   403.409   642.707
   1   406.586   267.668
   1   407.533   804.808
   1   411.462   605.106
   1   412.127   438.507
   1   413.972   759.928
   1   415.390    54.214
   1   417.586   223.660
   1   418.289  1005.975
   1   420.368   392.084
   1   424.651   553.867
   1   424.839   181.986
   1   426.497   716.065
   1   427.713   883.747
   1   432.978   344.676
   1   433.637   671.924
   1   435.396   133.526
   1   437.121   509.256
   1   439.279   950.698
   1   440.083   838.198
   1   440.284   301.268
   1   443.326   627.538
   1   446.464   470.657
   1   446.942    90.037
   1   447.342   988.816
   1   448.496   789.246
   1   449.094   251.478
   1   454.695   421.459
   1   455.016   915.352
   1   455.442   742.622
   1   457.258   587.409
   1   458.677   381.325
   1   459.346    38.348
   1   464.655   212.014
   1   466.428   167.137
   1   466.732   871.191
   1   468.476   704.212
   1   470.217   541.770
   1   478.287   328.546
   1   478.822   120.051
   1   479.396   498.026
   1   480.000   822.176
   1   481.932   661.618
   1   483.617   940.506
   1   486.020   287.541
   1   490.320   611.316
   1   490.525   778.741
   1   491.232   241.327
   1   491.710    74.503
   1   492.980   452.540
   1   493.985   408.715
   1   500.590   894.706
   1   502.169   570.358
   1   503.506   738.740
   1   504.401   366.613
   1   505.410   977.835
   1   507.288   196.806
   1   509.569    29.359
   1   514.833   855.859
   1   515.187   531.653
   1   517.404   691.000
   1   519.793   478.130
   1   522.245   106.923
   1   522.805   311.638
   1   523.176   149.581
   1   524.854   650.053
   1   529.257   275.011
   1   529.521   396.359
   1   531.084   809.320
   1   531.253   432.541
   1   532.258   925.901
   1   534.035   602.606
   1   535.398   764.605
   1   539.805   227.323
   1   544.439   558.755
   1   545.797    60.575
   1   546.452   723.881
   1   548.500   963.899
   1   548.773   884.708
   1   551.613   517.747
   1   553.988   349.953
   1   556.750   678.690
   1   559.183   132.898
   1   559.941   845.923
   1   568.694   638.977
   1   570.496   302.968
   1   571.520   470.897
   1   571.554   796.909
   1   573.408   592.902
   1   578.758  1002.523
   1   578.852   422.964
   1   580.029   255.587
   1   580.846   915.378
   1   581.978   751.713
   1   590.566   708.070
   1   590.610   545.407
   1   590.877   379.364
   1   592.889   205.928
   1   594.208   958.468
   1   595.100   874.309
   1   596.062   830.764
   1   597.666   667.175
   1   598.334   508.475
   1   603.110   332.896
   1   610.409   628.403
   1   610.729    75.016
   1   612.021   780.961
   1   616.356   455.818
   1   621.604   990.557
   1   622.956   906.602
   1   623.512   581.277
   1   624.271   290.953
   1   625.608   741.798
   1   631.634   413.217
   1   633.390   532.164
   1   635.608   699.259
   1   637.250   863.568
   1   638.787   948.369
   1   640.447   359.668
   1   646.247   654.162
   1   647.486   818.635
   1   648.595   487.290
   1   650.762   153.617
   1   653.561   333.446
   1   655.490   774.246
   1   656.736   610.539
   1   662.148   443.408
   1   667.240   735.354
   1   668.104   989.251
   1   669.223   564.025
   1   670.228   897.852
   1   671.377   936.619
   1   675.621   285.490
   1   676.251    93.594
   1   677.551   387.076
   1   678.736   688.919
   1   681.980   519.452
   1   682.953   849.240
   1   689.216   644.230
   1   694.280   806.934
   1   696.862   470.125
   1   700.735   338.189
   1   703.588   597.774
   1   703.924   763.353
   1   712.332   882.265
   1   712.835   717.781
   1   713.772   554.830
   1   714.574   932.793
   1   716.827   428.556
   1   718.090   195.249
   1   719.945   146.982
   1   721.677   501.722
   1   726.429   673.184
   1   728.222   840.675
   1   732.917   627.493
   1   741.790   788.989
   1   748.591   749.825
   1   749.287   241.270
   1   751.116   914.843
   1   754.627   583.060
   1   756.007   478.611
   1   759.333   538.622
   1   760.522   707.808
   1   761.857   874.445
   1   767.832   661.906
   1   770.902   420.845
   1   775.336   831.401
   1   782.711   616.133
   1   785.515   785.461
   1   787.388   572.320
   1   789.136   736.805
   1   790.187   948.905
   1   797.523   907.073
   1   799.040   697.365
   1   810.299   858.982
   1   815.926   817.448
   1   817.682   652.171
   1   830.151   772.215
   1   842.355   730.412
   1   845.848   893.844
   1   851.525   676.243
   1   852.151   849.255
   1   860.915   809.112
   1   864.119   133.165
   1   873.641   761.804
   1   876.036   458.217
   1   890.221   716.835
   1   896.368   881.099
   1   904.208   840.323
   1   905.110   663.378
   1   915.112   792.811
   1   918.728   749.815
   1   928.508   702.463
   1   957.346   556.613
   1   970.582   774.783
   1   973.343   602.189
   1   983.764   900.212
   1   989.584   814.418
   1   991.075   860.174
   1   991.418   752.964
